           1  -2.0146044758878081     
           2  -2.0117255639690406     
           3  -2.0069306157524549     
           4  -2.0002244870012302     
           5  -1.9916139724016448     
           6  -1.9811078022650153     
           7  -1.9687166384104506     
           8  -1.9544530693261832     
           9  -1.9383316047352570     
          10  -1.9203686697237334     
          11  -1.9005825986275311     
          12  -1.8789936289191935     
          13  -1.8556238953903061     
          14  -1.8304974249915775     
          15  -1.8036401327740885     
          16  -1.7750798194763115     
          17  -1.7448461714279124     
          18  -1.7129707636006932     
          19  -1.6794870668393846     
          20  -1.6444304605640023     
          21  -1.6078382525694936     
          22  -1.5697497079825935     
          23  -1.5302060900048224     
          24  -1.4892507158225621     
          25  -1.4469290320678143     
          26  -1.4032887155625406     
          27  -1.3583798069130193     
          28  -1.3122548870380335     
          29  -1.2649693102087740     
          30  -1.2165815120843717     
          31  -1.1671534182005459     
          32  -1.1167509884108555     
          33  -1.0654449474418402     
          34  -1.0133117734455419     
          35 -0.96043504911703159     
          36 -0.90690732992872525     
          37 -0.85283276178140166     
          38 -0.79833080342987273     
          39 -0.74354160723760854     
          40 -0.68863393636277703     
          41 -0.63381703548453527     
          42 -0.57935877503208089     
          43 -0.52561389596015895     
          44 -0.47306862296661312     
          45 -0.42241149731040900     
          46 -0.37464398994585651     
          47 -0.33124184348114311     
          48 -0.29434524035303594     
          49 -0.26683572486075202     
          50 -0.25192744077615697     
          51  0.25192744077615653     
          52  0.26683572486075180     
          53  0.29434524035303605     
          54  0.33124184348114294     
          55  0.37464398994585629     
          56  0.42241149731040906     
          57  0.47306862296661290     
          58  0.52561389596015884     
          59  0.57935877503208055     
          60  0.63381703548453572     
          61  0.68863393636277703     
          62  0.74354160723760832     
          63  0.79833080342987262     
          64  0.85283276178140155     
          65  0.90690732992872536     
          66  0.96043504911703126     
          67   1.0133117734455419     
          68   1.0654449474418399     
          69   1.1167509884108555     
          70   1.1671534182005459     
          71   1.2165815120843713     
          72   1.2649693102087736     
          73   1.3122548870380335     
          74   1.3583798069130193     
          75   1.4032887155625406     
          76   1.4469290320678143     
          77   1.4892507158225619     
          78   1.5302060900048220     
          79   1.5697497079825933     
          80   1.6078382525694932     
          81   1.6444304605640017     
          82   1.6794870668393849     
          83   1.7129707636006932     
          84   1.7448461714279124     
          85   1.7750798194763109     
          86   1.8036401327740881     
          87   1.8304974249915771     
          88   1.8556238953903059     
          89   1.8789936289191940     
          90   1.9005825986275313     
          91   1.9203686697237334     
          92   1.9383316047352566     
          93   1.9544530693261830     
          94   1.9687166384104509     
          95   1.9811078022650150     
          96   1.9916139724016444     
          97   2.0002244870012298     
          98   2.0069306157524549     
          99   2.0117255639690406     
         100   2.0146044758878077     
