           4 -0.499999970     -0.499999970    
           6 -0.500000000     -0.500000000    
           8 -0.500000000     -0.500000000    
          10 -0.500000000     -0.500000000    
          12 -0.500000000     -0.500000000    
          14 -0.500000000     -0.500000000    
          16 -0.500000000     -0.500000000    
          18 -0.500000000     -0.500000000    
          20 -0.499999940     -0.499999940    
          22 -0.500000000     -0.500000000    
          24 -0.500000000     -0.500000000    
          26 -0.499999970     -0.499999970    
          28 -0.499999940     -0.499999940    
          30 -0.500000000     -0.500000000    
          32 -0.499999970     -0.499999970    
          34 -0.499999940     -0.499999940    
          36 -0.500000000     -0.500000000    
          38 -0.500000000     -0.500000000    
          40 -0.500000060     -0.500000060    
          42 -0.500000000     -0.500000000    
          44 -0.499999970     -0.499999970    
          46 -0.500000000     -0.500000000    
          48 -0.500000060     -0.500000060    
          50 -0.499999911     -0.499999911    
          52 -0.500000000     -0.500000000    
          54 -0.499999881     -0.499999881    
          56 -0.499999911     -0.499999911    
          58 -0.499999970     -0.499999970    
          60 -0.499999940     -0.499999940    
          62 -0.499999970     -0.499999970    
          64 -0.500000000     -0.500000000    
          66 -0.500000000     -0.500000000    
          68 -0.500000000     -0.500000000    
          70 -0.500000060     -0.500000060    
          72 -0.500000060     -0.500000060    
          74 -0.500000119     -0.500000119    
          76 -0.500000119     -0.500000119    
          78 -0.500000119     -0.500000119    
          80 -0.500000119     -0.500000119    
          82 -0.500000119     -0.500000119    
          84 -0.500000119     -0.500000119    
          86 -0.500000060     -0.500000060    
          88 -0.500000060     -0.500000060    
          90 -0.500000060     -0.500000060    
          92 -0.500000060     -0.500000060    
          94 -0.500000000     -0.500000000    
          96 -0.500000000     -0.500000000    
          98 -0.500000000     -0.500000000    
         100 -0.500000000     -0.500000000    
         102 -0.499999970     -0.499999970    
         104 -0.499999970     -0.499999970    
         106 -0.499999970     -0.499999970    
         108 -0.499999970     -0.499999970    
         110 -0.499999970     -0.499999970    
         112 -0.499999970     -0.499999970    
         114 -0.499999970     -0.499999970    
         116 -0.499999970     -0.499999970    
         118 -0.499999970     -0.499999970    
         120 -0.499999970     -0.499999970    
         122 -0.499999970     -0.499999970    
         124 -0.499999970     -0.499999970    
         126 -0.499999970     -0.499999970    
         128 -0.499999970     -0.499999970    
         130 -0.499999940     -0.499999940    
         132 -0.499999881     -0.499999881    
         134 -0.499999881     -0.499999881    
         136 -0.499999821     -0.499999821    
         138 -0.499999821     -0.499999821    
         140 -0.499999791     -0.499999791    
         142 -0.499999791     -0.499999791    
         144 -0.499999791     -0.499999791    
         146 -0.499999851     -0.499999851    
         148 -0.499999851     -0.499999851    
         150 -0.499999851     -0.499999851    
         152 -0.499999851     -0.499999851    
         154 -0.499999851     -0.499999851    
         156 -0.499999791     -0.499999791    
         158 -0.499999851     -0.499999851    
         160 -0.499999851     -0.499999851    
         162 -0.499999851     -0.499999851    
         164 -0.499999851     -0.499999851    
         166 -0.499999911     -0.499999911    
         168 -0.499999911     -0.499999911    
         170 -0.499999911     -0.499999911    
         172 -0.499999911     -0.499999911    
         174 -0.499999911     -0.499999911    
         176 -0.499999911     -0.499999911    
         178 -0.499999911     -0.499999911    
         180 -0.499999911     -0.499999911    
         182 -0.499999911     -0.499999911    
         184 -0.499999911     -0.499999911    
         186 -0.499999911     -0.499999911    
         188 -0.499999911     -0.499999911    
         190 -0.499999911     -0.499999911    
         192 -0.499999911     -0.499999911    
         194 -0.499999911     -0.499999911    
         196 -0.499999911     -0.499999911    
         198 -0.499999911     -0.499999911    
         200 -0.499999911     -0.499999911    
         202 -0.499999911     -0.499999911    
         204 -0.499999911     -0.499999911    
         206 -0.499999940     -0.499999940    
         208 -0.499999940     -0.499999940    
         210 -0.499999940     -0.499999940    
         212 -0.499999940     -0.499999940    
         214 -0.499999940     -0.499999940    
         216 -0.499999940     -0.499999940    
         218 -0.499999940     -0.499999940    
         220 -0.499999940     -0.499999940    
         222 -0.499999940     -0.499999940    
         224 -0.499999940     -0.499999940    
         226 -0.499999940     -0.499999940    
         228 -0.499999940     -0.499999940    
         230 -0.499999940     -0.499999940    
         232 -0.499999940     -0.499999940    
         234 -0.499999940     -0.499999940    
         236 -0.499999940     -0.499999940    
         238 -0.499999940     -0.499999940    
         240 -0.499999940     -0.499999940    
         242 -0.499999940     -0.499999940    
         244 -0.499999940     -0.499999940    
         246 -0.499999940     -0.499999940    
         248 -0.499999940     -0.499999940    
         250 -0.499999940     -0.499999940    
         252 -0.499999940     -0.499999940    
         254 -0.499999940     -0.499999940    
         256 -0.499999940     -0.499999940    
         258 -0.499999940     -0.499999940    
         260 -0.500000000     -0.500000000    
         262 -0.500000000     -0.500000000    
         264 -0.500000060     -0.500000060    
         266 -0.500000060     -0.500000060    
         268 -0.500000060     -0.500000060    
         270 -0.500000060     -0.500000060    
         272 -0.500000060     -0.500000060    
         274 -0.500000060     -0.500000060    
         276 -0.500000000     -0.500000000    
         278 -0.500000000     -0.500000000    
         280 -0.500000060     -0.500000060    
         282 -0.500000060     -0.500000060    
         284 -0.500000060     -0.500000060    
         286 -0.500000060     -0.500000060    
         288 -0.500000119     -0.500000119    
         290 -0.500000119     -0.500000119    
         292 -0.500000119     -0.500000119    
         294 -0.500000119     -0.500000119    
         296 -0.500000119     -0.500000119    
         298 -0.500000119     -0.500000119    
         300 -0.500000119     -0.500000119    
         302 -0.500000119     -0.500000119    
         304 -0.500000119     -0.500000119    
         306 -0.500000119     -0.500000119    
         308 -0.500000119     -0.500000119    
         310 -0.500000119     -0.500000119    
         312 -0.500000119     -0.500000119    
         314 -0.500000119     -0.500000119    
         316 -0.500000119     -0.500000119    
         318 -0.500000119     -0.500000119    
         320 -0.500000119     -0.500000119    
         322 -0.500000119     -0.500000119    
         324 -0.500000119     -0.500000119    
         326 -0.500000119     -0.500000119    
         328 -0.500000119     -0.500000119    
         330 -0.500000119     -0.500000119    
         332 -0.500000119     -0.500000119    
         334 -0.500000119     -0.500000119    
         336 -0.500000119     -0.500000119    
         338 -0.500000119     -0.500000119    
         340 -0.500000119     -0.500000119    
         342 -0.500000060     -0.500000060    
         344 -0.500000060     -0.500000060    
         346 -0.500000060     -0.500000060    
         348 -0.500000060     -0.500000060    
         350 -0.500000060     -0.500000060    
         352 -0.500000060     -0.500000060    
         354 -0.500000060     -0.500000060    
         356 -0.500000060     -0.500000060    
         358 -0.500000060     -0.500000060    
         360 -0.500000060     -0.500000060    
         362 -0.500000060     -0.500000060    
         364 -0.500000060     -0.500000060    
         366 -0.500000060     -0.500000060    
         368 -0.500000060     -0.500000060    
         370 -0.500000060     -0.500000060    
         372 -0.500000060     -0.500000060    
         374 -0.500000060     -0.500000060    
         376 -0.500000060     -0.500000060    
         378 -0.500000060     -0.500000060    
         380 -0.500000060     -0.500000060    
         382 -0.500000060     -0.500000060    
         384 -0.500000060     -0.500000060    
         386 -0.500000060     -0.500000060    
         388 -0.500000060     -0.500000060    
         390 -0.500000060     -0.500000060    
         392 -0.500000060     -0.500000060    
         394 -0.500000060     -0.500000060    
         396 -0.500000060     -0.500000060    
         398 -0.500000060     -0.500000060    
         400 -0.500000060     -0.500000060    
